(kicad_pcb (version 20171130) (host pcbnew "(5.0.1)-3")

  (general
    (thickness 1.6)
    (drawings 12)
    (tracks 462)
    (zones 0)
    (modules 23)
    (nets 49)
  )

  (page A4)
  (layers
    (0 F.Cu signal)
    (31 B.Cu signal)
    (32 B.Adhes user hide)
    (33 F.Adhes user hide)
    (34 B.Paste user hide)
    (35 F.Paste user hide)
    (36 B.SilkS user)
    (37 F.SilkS user)
    (38 B.Mask user)
    (39 F.Mask user)
    (40 Dwgs.User user)
    (41 Cmts.User user)
    (42 Eco1.User user)
    (43 Eco2.User user)
    (44 Edge.Cuts user)
    (45 Margin user)
    (46 B.CrtYd user)
    (47 F.CrtYd user)
    (48 B.Fab user hide)
    (49 F.Fab user hide)
  )

  (setup
    (last_trace_width 0.25)
    (user_trace_width 0.3)
    (user_trace_width 0.35)
    (user_trace_width 0.4)
    (trace_clearance 0.2)
    (zone_clearance 0.508)
    (zone_45_only no)
    (trace_min 0.2)
    (segment_width 0.2)
    (edge_width 0.15)
    (via_size 0.8)
    (via_drill 0.4)
    (via_min_size 0.4)
    (via_min_drill 0.3)
    (uvia_size 0.3)
    (uvia_drill 0.1)
    (uvias_allowed no)
    (uvia_min_size 0.2)
    (uvia_min_drill 0.1)
    (pcb_text_width 0.3)
    (pcb_text_size 1.5 1.5)
    (mod_edge_width 0.15)
    (mod_text_size 1 1)
    (mod_text_width 0.15)
    (pad_size 1.35 1.35)
    (pad_drill 0)
    (pad_to_mask_clearance 0.051)
    (solder_mask_min_width 0.25)
    (aux_axis_origin 0 0)
    (visible_elements FFFDFE7F)
    (pcbplotparams
      (layerselection 0x010fc_ffffffff)
      (usegerberextensions false)
      (usegerberattributes false)
      (usegerberadvancedattributes false)
      (creategerberjobfile false)
      (excludeedgelayer true)
      (linewidth 0.100000)
      (plotframeref false)
      (viasonmask false)
      (mode 1)
      (useauxorigin false)
      (hpglpennumber 1)
      (hpglpenspeed 20)
      (hpglpendiameter 15.000000)
      (psnegative false)
      (psa4output false)
      (plotreference true)
      (plotvalue true)
      (plotinvisibletext false)
      (padsonsilk false)
      (subtractmaskfromsilk false)
      (outputformat 1)
      (mirror false)
      (drillshape 1)
      (scaleselection 1)
      (outputdirectory ""))
  )

  (net 0 "")
  (net 1 /VBUS)
  (net 2 GND)
  (net 3 +3V3)
  (net 4 /VBAT)
  (net 5 "Net-(D1-Pad1)")
  (net 6 /DTEST)
  (net 7 /PROBE)
  (net 8 /USB_DM)
  (net 9 "Net-(J2-Pad4)")
  (net 10 /USB_DP)
  (net 11 /BOOT)
  (net 12 /SWDIO)
  (net 13 /SWCLK)
  (net 14 /~RST)
  (net 15 /PROBE_3V)
  (net 16 /PULL)
  (net 17 /PROG)
  (net 18 /S2)
  (net 19 /S1)
  (net 20 /S3)
  (net 21 /S0)
  (net 22 /DS3)
  (net 23 /DS2)
  (net 24 /DS1)
  (net 25 /DS0)
  (net 26 /DS4)
  (net 27 /DS5)
  (net 28 /DS6)
  (net 29 /DS7)
  (net 30 /S4)
  (net 31 /S7)
  (net 32 /S5)
  (net 33 /S6)
  (net 34 "Net-(U1-Pad2)")
  (net 35 "Net-(U1-Pad25)")
  (net 36 /RED)
  (net 37 /GRN)
  (net 38 /YEL)
  (net 39 "Net-(U1-Pad30)")
  (net 40 "Net-(U3-Pad4)")
  (net 41 "Net-(U2-Pad1)")
  (net 42 /BTN)
  (net 43 "Net-(U6-Pad8)")
  (net 44 "Net-(U5-Pad8)")
  (net 45 "Net-(U4-Pad8)")
  (net 46 "Net-(U1-Pad19)")
  (net 47 "Net-(U1-Pad20)")
  (net 48 "Net-(U1-Pad29)")

  (net_class Default "This is the default net class."
    (clearance 0.2)
    (trace_width 0.25)
    (via_dia 0.8)
    (via_drill 0.4)
    (uvia_dia 0.3)
    (uvia_drill 0.1)
    (add_net +3V3)
    (add_net /BOOT)
    (add_net /BTN)
    (add_net /DS0)
    (add_net /DS1)
    (add_net /DS2)
    (add_net /DS3)
    (add_net /DS4)
    (add_net /DS5)
    (add_net /DS6)
    (add_net /DS7)
    (add_net /DTEST)
    (add_net /GRN)
    (add_net /PROBE)
    (add_net /PROBE_3V)
    (add_net /PROG)
    (add_net /PULL)
    (add_net /RED)
    (add_net /S0)
    (add_net /S1)
    (add_net /S2)
    (add_net /S3)
    (add_net /S4)
    (add_net /S5)
    (add_net /S6)
    (add_net /S7)
    (add_net /SWCLK)
    (add_net /SWDIO)
    (add_net /USB_DM)
    (add_net /USB_DP)
    (add_net /VBAT)
    (add_net /VBUS)
    (add_net /YEL)
    (add_net /~RST)
    (add_net GND)
    (add_net "Net-(D1-Pad1)")
    (add_net "Net-(J2-Pad4)")
    (add_net "Net-(U1-Pad19)")
    (add_net "Net-(U1-Pad2)")
    (add_net "Net-(U1-Pad20)")
    (add_net "Net-(U1-Pad25)")
    (add_net "Net-(U1-Pad29)")
    (add_net "Net-(U1-Pad30)")
    (add_net "Net-(U2-Pad1)")
    (add_net "Net-(U3-Pad4)")
    (add_net "Net-(U4-Pad8)")
    (add_net "Net-(U5-Pad8)")
    (add_net "Net-(U6-Pad8)")
  )

  (module Package_QFP:LQFP-32_7x7mm_P0.8mm (layer B.Cu) (tedit 5BD247EC) (tstamp 5BDE96D1)
    (at 98.425 71.12 315)
    (descr "LQFP32: plastic low profile quad flat package; 32 leads; body 7 x 7 x 1.4 mm (see NXP sot358-1_po.pdf and sot358-1_fr.pdf)")
    (tags "QFP 0.8")
    (path /5BD1E9C2)
    (attr smd)
    (fp_text reference U1 (at 0 5.85 315) (layer B.SilkS) hide
      (effects (font (size 1 1) (thickness 0.15)) (justify mirror))
    )
    (fp_text value STM32L082KZTx (at 0 -5.85 315) (layer B.Fab)
      (effects (font (size 1 1) (thickness 0.15)) (justify mirror))
    )
    (fp_text user %R (at 0 0 315) (layer B.Fab)
      (effects (font (size 1 1) (thickness 0.15)) (justify mirror))
    )
    (fp_line (start -2.5 3.5) (end 3.5 3.5) (layer B.Fab) (width 0.15))
    (fp_line (start 3.5 3.5) (end 3.5 -3.5) (layer B.Fab) (width 0.15))
    (fp_line (start 3.5 -3.5) (end -3.5 -3.5) (layer B.Fab) (width 0.15))
    (fp_line (start -3.5 -3.5) (end -3.5 2.5) (layer B.Fab) (width 0.15))
    (fp_line (start -3.5 2.5) (end -2.5 3.5) (layer B.Fab) (width 0.15))
    (fp_line (start -5.1 5.1) (end -5.1 -5.1) (layer B.CrtYd) (width 0.05))
    (fp_line (start 5.1 5.1) (end 5.1 -5.1) (layer B.CrtYd) (width 0.05))
    (fp_line (start -5.1 5.1) (end 5.1 5.1) (layer B.CrtYd) (width 0.05))
    (fp_line (start -5.1 -5.1) (end 5.1 -5.1) (layer B.CrtYd) (width 0.05))
    (fp_line (start -3.625 3.625) (end -3.625 3.4) (layer B.SilkS) (width 0.15))
    (fp_line (start 3.625 3.625) (end 3.625 3.325) (layer B.SilkS) (width 0.15))
    (fp_line (start 3.625 -3.625) (end 3.625 -3.325) (layer B.SilkS) (width 0.15))
    (fp_line (start -3.625 -3.625) (end -3.625 -3.325) (layer B.SilkS) (width 0.15))
    (fp_line (start -3.625 3.625) (end -3.325 3.625) (layer B.SilkS) (width 0.15))
    (fp_line (start -3.625 -3.625) (end -3.325 -3.625) (layer B.SilkS) (width 0.15))
    (fp_line (start 3.625 -3.625) (end 3.325 -3.625) (layer B.SilkS) (width 0.15))
    (fp_line (start 3.625 3.625) (end 3.325 3.625) (layer B.SilkS) (width 0.15))
    (fp_line (start -3.625 3.4) (end -4.85 3.4) (layer B.SilkS) (width 0.15))
    (pad 1 smd rect (at -4.25 2.8 315) (size 1.2 0.55) (layers B.Cu B.Paste B.Mask)
      (net 3 +3V3))
    (pad 2 smd rect (at -4.25 2 315) (size 1.2 0.55) (layers B.Cu B.Paste B.Mask)
      (net 34 "Net-(U1-Pad2)"))
    (pad 3 smd rect (at -4.25 1.2 315) (size 1.2 0.55) (layers B.Cu B.Paste B.Mask)
      (net 6 /DTEST))
    (pad 4 smd rect (at -4.25 0.4 315) (size 1.2 0.55) (layers B.Cu B.Paste B.Mask)
      (net 14 /~RST))
    (pad 5 smd rect (at -4.25 -0.4 315) (size 1.2 0.55) (layers B.Cu B.Paste B.Mask)
      (net 3 +3V3))
    (pad 6 smd rect (at -4.25 -1.2 315) (size 1.2 0.55) (layers B.Cu B.Paste B.Mask)
      (net 42 /BTN))
    (pad 7 smd rect (at -4.25 -2 315) (size 1.2 0.55) (layers B.Cu B.Paste B.Mask)
      (net 15 /PROBE_3V))
    (pad 8 smd rect (at -4.25 -2.8 315) (size 1.2 0.55) (layers B.Cu B.Paste B.Mask)
      (net 16 /PULL))
    (pad 9 smd rect (at -2.8 -4.25 225) (size 1.2 0.55) (layers B.Cu B.Paste B.Mask)
      (net 29 /DS7))
    (pad 10 smd rect (at -2 -4.25 225) (size 1.2 0.55) (layers B.Cu B.Paste B.Mask)
      (net 28 /DS6))
    (pad 11 smd rect (at -1.2 -4.25 225) (size 1.2 0.55) (layers B.Cu B.Paste B.Mask)
      (net 27 /DS5))
    (pad 12 smd rect (at -0.4 -4.25 225) (size 1.2 0.55) (layers B.Cu B.Paste B.Mask)
      (net 26 /DS4))
    (pad 13 smd rect (at 0.4 -4.25 225) (size 1.2 0.55) (layers B.Cu B.Paste B.Mask)
      (net 22 /DS3))
    (pad 14 smd rect (at 1.2 -4.25 225) (size 1.2 0.55) (layers B.Cu B.Paste B.Mask)
      (net 23 /DS2))
    (pad 15 smd rect (at 2 -4.25 225) (size 1.2 0.55) (layers B.Cu B.Paste B.Mask)
      (net 24 /DS1))
    (pad 16 smd rect (at 2.8 -4.25 225) (size 1.2 0.55) (layers B.Cu B.Paste B.Mask)
      (net 2 GND))
    (pad 17 smd rect (at 4.25 -2.8 315) (size 1.2 0.55) (layers B.Cu B.Paste B.Mask)
      (net 3 +3V3))
    (pad 18 smd rect (at 4.25 -2 315) (size 1.2 0.55) (layers B.Cu B.Paste B.Mask)
      (net 25 /DS0))
    (pad 19 smd rect (at 4.25 -1.2 315) (size 1.2 0.55) (layers B.Cu B.Paste B.Mask)
      (net 46 "Net-(U1-Pad19)"))
    (pad 20 smd rect (at 4.25 -0.4 315) (size 1.2 0.55) (layers B.Cu B.Paste B.Mask)
      (net 47 "Net-(U1-Pad20)"))
    (pad 21 smd rect (at 4.25 0.4 315) (size 1.2 0.55) (layers B.Cu B.Paste B.Mask)
      (net 8 /USB_DM))
    (pad 22 smd rect (at 4.25 1.2 315) (size 1.2 0.55) (layers B.Cu B.Paste B.Mask)
      (net 10 /USB_DP))
    (pad 23 smd rect (at 4.25 2 315) (size 1.2 0.55) (layers B.Cu B.Paste B.Mask)
      (net 12 /SWDIO))
    (pad 24 smd rect (at 4.25 2.8 315) (size 1.2 0.55) (layers B.Cu B.Paste B.Mask)
      (net 13 /SWCLK))
    (pad 25 smd rect (at 2.8 4.25 225) (size 1.2 0.55) (layers B.Cu B.Paste B.Mask)
      (net 35 "Net-(U1-Pad25)"))
    (pad 26 smd rect (at 2 4.25 225) (size 1.2 0.55) (layers B.Cu B.Paste B.Mask)
      (net 38 /YEL))
    (pad 27 smd rect (at 1.2 4.25 225) (size 1.2 0.55) (layers B.Cu B.Paste B.Mask)
      (net 37 /GRN))
    (pad 28 smd rect (at 0.4 4.25 225) (size 1.2 0.55) (layers B.Cu B.Paste B.Mask)
      (net 36 /RED))
    (pad 29 smd rect (at -0.4 4.25 225) (size 1.2 0.55) (layers B.Cu B.Paste B.Mask)
      (net 48 "Net-(U1-Pad29)"))
    (pad 30 smd rect (at -1.2 4.25 225) (size 1.2 0.55) (layers B.Cu B.Paste B.Mask)
      (net 39 "Net-(U1-Pad30)"))
    (pad 31 smd rect (at -2 4.25 225) (size 1.2 0.55) (layers B.Cu B.Paste B.Mask)
      (net 11 /BOOT))
    (pad 32 smd rect (at -2.8 4.25 225) (size 1.2 0.55) (layers B.Cu B.Paste B.Mask)
      (net 2 GND))
    (model ${KISYS3DMOD}/Package_QFP.3dshapes/LQFP-32_7x7mm_P0.8mm.wrl
      (at (xyz 0 0 0))
      (scale (xyz 1 1 1))
      (rotate (xyz 0 0 0))
    )
  )

  (module Connector_PinHeader_2.00mm:PinHeader_1x06_P2.00mm_Vertical (layer F.Cu) (tedit 5BD247DB) (tstamp 5BDE95B5)
    (at 110.205 77.47 90)
    (descr "Through hole straight pin header, 1x06, 2.00mm pitch, single row")
    (tags "Through hole pin header THT 1x06 2.00mm single row")
    (path /5BD86807)
    (fp_text reference J3 (at 0 -2.06 90) (layer F.SilkS) hide
      (effects (font (size 1 1) (thickness 0.15)))
    )
    (fp_text value DBG (at 0 12.06 90) (layer F.Fab)
      (effects (font (size 1 1) (thickness 0.15)))
    )
    (fp_line (start -0.5 -1) (end 1 -1) (layer F.Fab) (width 0.1))
    (fp_line (start 1 -1) (end 1 11) (layer F.Fab) (width 0.1))
    (fp_line (start 1 11) (end -1 11) (layer F.Fab) (width 0.1))
    (fp_line (start -1 11) (end -1 -0.5) (layer F.Fab) (width 0.1))
    (fp_line (start -1 -0.5) (end -0.5 -1) (layer F.Fab) (width 0.1))
    (fp_line (start -1.5 -1.5) (end -1.5 11.5) (layer F.CrtYd) (width 0.05))
    (fp_line (start -1.5 11.5) (end 1.5 11.5) (layer F.CrtYd) (width 0.05))
    (fp_line (start 1.5 11.5) (end 1.5 -1.5) (layer F.CrtYd) (width 0.05))
    (fp_line (start 1.5 -1.5) (end -1.5 -1.5) (layer F.CrtYd) (width 0.05))
    (fp_text user %R (at 0 5 180) (layer F.Fab)
      (effects (font (size 1 1) (thickness 0.15)))
    )
    (pad 1 smd rect (at 0 0 90) (size 1.35 1.35) (layers F.Cu F.Paste F.Mask)
      (net 3 +3V3))
    (pad 2 smd rect (at 0 2 90) (size 1.35 1.35) (layers F.Cu F.Paste F.Mask)
      (net 11 /BOOT))
    (pad 3 smd rect (at 0 4 90) (size 1.35 1.35) (layers F.Cu F.Paste F.Mask)
      (net 13 /SWCLK))
    (pad 4 smd rect (at 0 6 90) (size 1.35 1.35) (layers F.Cu F.Paste F.Mask)
      (net 12 /SWDIO))
    (pad 5 smd rect (at 0 8 90) (size 1.35 1.35) (layers F.Cu F.Paste F.Mask)
      (net 14 /~RST))
    (pad 6 smd rect (at 0 10 90) (size 1.35 1.35) (layers F.Cu F.Paste F.Mask)
      (net 2 GND))
  )

  (module Button_Switch_THT:SW_PUSH_6mm (layer F.Cu) (tedit 5BD247CD) (tstamp 5BDE969A)
    (at 110.49 65.405 90)
    (descr https://www.omron.com/ecb/products/pdf/en-b3f.pdf)
    (tags "tact sw push 6mm")
    (path /5BD8659E)
    (fp_text reference SW1 (at 0.635 2.54) (layer F.SilkS) hide
      (effects (font (size 1 1) (thickness 0.15)))
    )
    (fp_text value BTN (at -1.27 1.905) (layer F.Fab)
      (effects (font (size 1 1) (thickness 0.15)))
    )
    (fp_line (start -0.25 1.5) (end -0.25 3) (layer F.SilkS) (width 0.12))
    (pad 2 thru_hole circle (at 0 4.5 180) (size 2 2) (drill 1.1) (layers *.Cu *.Mask)
      (net 3 +3V3))
    (pad 1 thru_hole circle (at 0 0 180) (size 2 2) (drill 1.1) (layers *.Cu *.Mask)
      (net 42 /BTN))
    (model ${KISYS3DMOD}/Button_Switch_THT.3dshapes/SW_PUSH_6mm.wrl
      (offset (xyz 1.5 0 2.25))
      (scale (xyz 1 1 1))
      (rotate (xyz 0 -90 0))
    )
  )

  (module Connector_PinHeader_2.54mm:PinHeader_1x02_P2.54mm_Vertical (layer B.Cu) (tedit 5BD247A1) (tstamp 5BDE95F8)
    (at 81.915 72.39 180)
    (descr "Through hole straight pin header, 1x02, 2.54mm pitch, single row")
    (tags "Through hole pin header THT 1x02 2.54mm single row")
    (path /5BD20B9E)
    (fp_text reference J6 (at 0 2.33 180) (layer B.SilkS) hide
      (effects (font (size 1 1) (thickness 0.15)) (justify mirror))
    )
    (fp_text value LIPO (at 0 -4.87 180) (layer B.Fab)
      (effects (font (size 1 1) (thickness 0.15)) (justify mirror))
    )
    (fp_line (start -0.635 1.27) (end 1.27 1.27) (layer B.Fab) (width 0.1))
    (fp_line (start 1.27 1.27) (end 1.27 -3.81) (layer B.Fab) (width 0.1))
    (fp_line (start 1.27 -3.81) (end -1.27 -3.81) (layer B.Fab) (width 0.1))
    (fp_line (start -1.27 -3.81) (end -1.27 0.635) (layer B.Fab) (width 0.1))
    (fp_line (start -1.27 0.635) (end -0.635 1.27) (layer B.Fab) (width 0.1))
    (fp_line (start -1.8 1.8) (end -1.8 -4.35) (layer B.CrtYd) (width 0.05))
    (fp_line (start -1.8 -4.35) (end 1.8 -4.35) (layer B.CrtYd) (width 0.05))
    (fp_line (start 1.8 -4.35) (end 1.8 1.8) (layer B.CrtYd) (width 0.05))
    (fp_line (start 1.8 1.8) (end -1.8 1.8) (layer B.CrtYd) (width 0.05))
    (fp_text user %R (at 0 -1.27 90) (layer B.Fab)
      (effects (font (size 1 1) (thickness 0.15)) (justify mirror))
    )
    (pad 1 smd rect (at 0 0 180) (size 1.7 1.7) (layers B.Cu B.Paste B.Mask)
      (net 4 /VBAT))
    (pad 2 smd rect (at 0 -2.54 180) (size 1.7 1.7) (layers B.Cu B.Paste B.Mask)
      (net 2 GND))
  )

  (module Capacitor_SMD:C_0603_1608Metric_Pad1.05x0.95mm_HandSolder (layer F.Cu) (tedit 5BD247D5) (tstamp 5BDE9525)
    (at 113.919 72.898 270)
    (descr "Capacitor SMD 0603 (1608 Metric), square (rectangular) end terminal, IPC_7351 nominal with elongated pad for handsoldering. (Body size source: http://www.tortai-tech.com/upload/download/2011102023233369053.pdf), generated with kicad-footprint-generator")
    (tags "capacitor handsolder")
    (path /5BD24FEC)
    (attr smd)
    (fp_text reference C1 (at 0 -1.43 270) (layer F.SilkS) hide
      (effects (font (size 1 1) (thickness 0.15)))
    )
    (fp_text value 1u (at 0 1.43 270) (layer F.Fab)
      (effects (font (size 1 1) (thickness 0.15)))
    )
    (fp_line (start -0.8 0.4) (end -0.8 -0.4) (layer F.Fab) (width 0.1))
    (fp_line (start -0.8 -0.4) (end 0.8 -0.4) (layer F.Fab) (width 0.1))
    (fp_line (start 0.8 -0.4) (end 0.8 0.4) (layer F.Fab) (width 0.1))
    (fp_line (start 0.8 0.4) (end -0.8 0.4) (layer F.Fab) (width 0.1))
    (fp_line (start -0.171267 -0.51) (end 0.171267 -0.51) (layer F.SilkS) (width 0.12))
    (fp_line (start -0.171267 0.51) (end 0.171267 0.51) (layer F.SilkS) (width 0.12))
    (fp_line (start -1.65 0.73) (end -1.65 -0.73) (layer F.CrtYd) (width 0.05))
    (fp_line (start -1.65 -0.73) (end 1.65 -0.73) (layer F.CrtYd) (width 0.05))
    (fp_line (start 1.65 -0.73) (end 1.65 0.73) (layer F.CrtYd) (width 0.05))
    (fp_line (start 1.65 0.73) (end -1.65 0.73) (layer F.CrtYd) (width 0.05))
    (fp_text user %R (at 0 0 270) (layer F.Fab)
      (effects (font (size 0.4 0.4) (thickness 0.06)))
    )
    (pad 1 smd roundrect (at -0.875 0 270) (size 1.05 0.95) (layers F.Cu F.Paste F.Mask) (roundrect_rratio 0.25)
      (net 1 /VBUS))
    (pad 2 smd roundrect (at 0.875 0 270) (size 1.05 0.95) (layers F.Cu F.Paste F.Mask) (roundrect_rratio 0.25)
      (net 2 GND))
    (model ${KISYS3DMOD}/Capacitor_SMD.3dshapes/C_0603_1608Metric.wrl
      (at (xyz 0 0 0))
      (scale (xyz 1 1 1))
      (rotate (xyz 0 0 0))
    )
  )

  (module Capacitor_SMD:C_0603_1608Metric_Pad1.05x0.95mm_HandSolder (layer B.Cu) (tedit 5BD247FF) (tstamp 5BDF62B4)
    (at 87.63 71.12)
    (descr "Capacitor SMD 0603 (1608 Metric), square (rectangular) end terminal, IPC_7351 nominal with elongated pad for handsoldering. (Body size source: http://www.tortai-tech.com/upload/download/2011102023233369053.pdf), generated with kicad-footprint-generator")
    (tags "capacitor handsolder")
    (path /5BD2C10B)
    (attr smd)
    (fp_text reference C2 (at 0 1.43) (layer B.SilkS) hide
      (effects (font (size 1 1) (thickness 0.15)) (justify mirror))
    )
    (fp_text value 1u (at 0 -1.43) (layer B.Fab)
      (effects (font (size 1 1) (thickness 0.15)) (justify mirror))
    )
    (fp_line (start -0.8 -0.4) (end -0.8 0.4) (layer B.Fab) (width 0.1))
    (fp_line (start -0.8 0.4) (end 0.8 0.4) (layer B.Fab) (width 0.1))
    (fp_line (start 0.8 0.4) (end 0.8 -0.4) (layer B.Fab) (width 0.1))
    (fp_line (start 0.8 -0.4) (end -0.8 -0.4) (layer B.Fab) (width 0.1))
    (fp_line (start -0.171267 0.51) (end 0.171267 0.51) (layer B.SilkS) (width 0.12))
    (fp_line (start -0.171267 -0.51) (end 0.171267 -0.51) (layer B.SilkS) (width 0.12))
    (fp_line (start -1.65 -0.73) (end -1.65 0.73) (layer B.CrtYd) (width 0.05))
    (fp_line (start -1.65 0.73) (end 1.65 0.73) (layer B.CrtYd) (width 0.05))
    (fp_line (start 1.65 0.73) (end 1.65 -0.73) (layer B.CrtYd) (width 0.05))
    (fp_line (start 1.65 -0.73) (end -1.65 -0.73) (layer B.CrtYd) (width 0.05))
    (fp_text user %R (at 0 0) (layer B.Fab)
      (effects (font (size 0.4 0.4) (thickness 0.06)) (justify mirror))
    )
    (pad 1 smd roundrect (at -0.875 0) (size 1.05 0.95) (layers B.Cu B.Paste B.Mask) (roundrect_rratio 0.25)
      (net 3 +3V3))
    (pad 2 smd roundrect (at 0.875 0) (size 1.05 0.95) (layers B.Cu B.Paste B.Mask) (roundrect_rratio 0.25)
      (net 2 GND))
    (model ${KISYS3DMOD}/Capacitor_SMD.3dshapes/C_0603_1608Metric.wrl
      (at (xyz 0 0 0))
      (scale (xyz 1 1 1))
      (rotate (xyz 0 0 0))
    )
  )

  (module Capacitor_SMD:C_0603_1608Metric_Pad1.05x0.95mm_HandSolder (layer B.Cu) (tedit 5BD2480F) (tstamp 5BDE9547)
    (at 83.82 73.66 270)
    (descr "Capacitor SMD 0603 (1608 Metric), square (rectangular) end terminal, IPC_7351 nominal with elongated pad for handsoldering. (Body size source: http://www.tortai-tech.com/upload/download/2011102023233369053.pdf), generated with kicad-footprint-generator")
    (tags "capacitor handsolder")
    (path /5BD2AA91)
    (attr smd)
    (fp_text reference C3 (at 0 1.43 270) (layer B.SilkS) hide
      (effects (font (size 1 1) (thickness 0.15)) (justify mirror))
    )
    (fp_text value 1u (at 0 -1.43 270) (layer B.Fab)
      (effects (font (size 1 1) (thickness 0.15)) (justify mirror))
    )
    (fp_text user %R (at 0 -1.219999 270) (layer B.Fab)
      (effects (font (size 0.4 0.4) (thickness 0.06)) (justify mirror))
    )
    (fp_line (start 1.65 -0.73) (end -1.65 -0.73) (layer B.CrtYd) (width 0.05))
    (fp_line (start 1.65 0.73) (end 1.65 -0.73) (layer B.CrtYd) (width 0.05))
    (fp_line (start -1.65 0.73) (end 1.65 0.73) (layer B.CrtYd) (width 0.05))
    (fp_line (start -1.65 -0.73) (end -1.65 0.73) (layer B.CrtYd) (width 0.05))
    (fp_line (start -0.171267 -0.51) (end 0.171267 -0.51) (layer B.SilkS) (width 0.12))
    (fp_line (start -0.171267 0.51) (end 0.171267 0.51) (layer B.SilkS) (width 0.12))
    (fp_line (start 0.8 -0.4) (end -0.8 -0.4) (layer B.Fab) (width 0.1))
    (fp_line (start 0.8 0.4) (end 0.8 -0.4) (layer B.Fab) (width 0.1))
    (fp_line (start -0.8 0.4) (end 0.8 0.4) (layer B.Fab) (width 0.1))
    (fp_line (start -0.8 -0.4) (end -0.8 0.4) (layer B.Fab) (width 0.1))
    (pad 2 smd roundrect (at 0.875 0 270) (size 1.05 0.95) (layers B.Cu B.Paste B.Mask) (roundrect_rratio 0.25)
      (net 2 GND))
    (pad 1 smd roundrect (at -0.875 0 270) (size 1.05 0.95) (layers B.Cu B.Paste B.Mask) (roundrect_rratio 0.25)
      (net 4 /VBAT))
    (model ${KISYS3DMOD}/Capacitor_SMD.3dshapes/C_0603_1608Metric.wrl
      (at (xyz 0 0 0))
      (scale (xyz 1 1 1))
      (rotate (xyz 0 0 0))
    )
  )

  (module Diode_SMD:D_SOD-323_HandSoldering (layer B.Cu) (tedit 5BD24799) (tstamp 5BDF5F25)
    (at 83.82 68.58 270)
    (descr SOD-323)
    (tags SOD-323)
    (path /5BD3D3D0)
    (attr smd)
    (fp_text reference D1 (at 0 1.85 270) (layer B.SilkS) hide
      (effects (font (size 1 1) (thickness 0.15)) (justify mirror))
    )
    (fp_text value SMD (at 0.1 -1.9 270) (layer B.Fab)
      (effects (font (size 1 1) (thickness 0.15)) (justify mirror))
    )
    (fp_text user %R (at 0 1.85 270) (layer B.Fab)
      (effects (font (size 1 1) (thickness 0.15)) (justify mirror))
    )
    (fp_line (start -1.9 0.85) (end -1.9 -0.85) (layer B.SilkS) (width 0.12))
    (fp_line (start 0.2 0) (end 0.45 0) (layer B.Fab) (width 0.1))
    (fp_line (start 0.2 -0.35) (end -0.3 0) (layer B.Fab) (width 0.1))
    (fp_line (start 0.2 0.35) (end 0.2 -0.35) (layer B.Fab) (width 0.1))
    (fp_line (start -0.3 0) (end 0.2 0.35) (layer B.Fab) (width 0.1))
    (fp_line (start -0.3 0) (end -0.5 0) (layer B.Fab) (width 0.1))
    (fp_line (start -0.3 0.35) (end -0.3 -0.35) (layer B.Fab) (width 0.1))
    (fp_line (start -0.9 -0.7) (end -0.9 0.7) (layer B.Fab) (width 0.1))
    (fp_line (start 0.9 -0.7) (end -0.9 -0.7) (layer B.Fab) (width 0.1))
    (fp_line (start 0.9 0.7) (end 0.9 -0.7) (layer B.Fab) (width 0.1))
    (fp_line (start -0.9 0.7) (end 0.9 0.7) (layer B.Fab) (width 0.1))
    (fp_line (start -2 0.95) (end 2 0.95) (layer B.CrtYd) (width 0.05))
    (fp_line (start 2 0.95) (end 2 -0.95) (layer B.CrtYd) (width 0.05))
    (fp_line (start -2 -0.95) (end 2 -0.95) (layer B.CrtYd) (width 0.05))
    (fp_line (start -2 0.95) (end -2 -0.95) (layer B.CrtYd) (width 0.05))
    (fp_line (start -1.9 -0.85) (end 1.25 -0.85) (layer B.SilkS) (width 0.12))
    (fp_line (start -1.9 0.85) (end 1.25 0.85) (layer B.SilkS) (width 0.12))
    (pad 1 smd rect (at -1.25 0 270) (size 1 1) (layers B.Cu B.Paste B.Mask)
      (net 5 "Net-(D1-Pad1)"))
    (pad 2 smd rect (at 1.25 0 270) (size 1 1) (layers B.Cu B.Paste B.Mask)
      (net 6 /DTEST))
    (model ${KISYS3DMOD}/Diode_SMD.3dshapes/D_SOD-323.wrl
      (at (xyz 0 0 0))
      (scale (xyz 1 1 1))
      (rotate (xyz 0 0 0))
    )
  )

  (module Connector_PinHeader_2.54mm:PinHeader_1x01_P2.54mm_Vertical (layer F.Cu) (tedit 5BD24780) (tstamp 5BDEA320)
    (at 78.105 71.12)
    (descr "Through hole straight pin header, 1x01, 2.54mm pitch, single row")
    (tags "Through hole pin header THT 1x01 2.54mm single row")
    (path /5BE1CD7A)
    (fp_text reference J1 (at 0 -2.33) (layer F.SilkS) hide
      (effects (font (size 1 1) (thickness 0.15)))
    )
    (fp_text value PRB (at 0 2.33) (layer F.Fab)
      (effects (font (size 1 1) (thickness 0.15)))
    )
    (fp_line (start -0.635 -1.27) (end 1.27 -1.27) (layer F.Fab) (width 0.1))
    (fp_line (start 1.27 -1.27) (end 1.27 1.27) (layer F.Fab) (width 0.1))
    (fp_line (start 1.27 1.27) (end -1.27 1.27) (layer F.Fab) (width 0.1))
    (fp_line (start -1.27 1.27) (end -1.27 -0.635) (layer F.Fab) (width 0.1))
    (fp_line (start -1.27 -0.635) (end -0.635 -1.27) (layer F.Fab) (width 0.1))
    (fp_line (start -1.33 1.33) (end 1.33 1.33) (layer F.SilkS) (width 0.12))
    (fp_line (start -1.33 1.27) (end -1.33 1.33) (layer F.SilkS) (width 0.12))
    (fp_line (start 1.33 1.27) (end 1.33 1.33) (layer F.SilkS) (width 0.12))
    (fp_line (start -1.33 1.27) (end 1.33 1.27) (layer F.SilkS) (width 0.12))
    (fp_line (start -1.33 0) (end -1.33 -1.33) (layer F.SilkS) (width 0.12))
    (fp_line (start -1.33 -1.33) (end 0 -1.33) (layer F.SilkS) (width 0.12))
    (fp_line (start -1.8 -1.8) (end -1.8 1.8) (layer F.CrtYd) (width 0.05))
    (fp_line (start -1.8 1.8) (end 1.8 1.8) (layer F.CrtYd) (width 0.05))
    (fp_line (start 1.8 1.8) (end 1.8 -1.8) (layer F.CrtYd) (width 0.05))
    (fp_line (start 1.8 -1.8) (end -1.8 -1.8) (layer F.CrtYd) (width 0.05))
    (fp_text user %R (at 0 0 90) (layer F.Fab)
      (effects (font (size 1 1) (thickness 0.15)))
    )
    (pad 1 thru_hole rect (at 0 0) (size 1.7 1.7) (drill 1) (layers *.Cu *.Mask)
      (net 7 /PROBE))
    (model ${KISYS3DMOD}/Connector_PinHeader_2.54mm.3dshapes/PinHeader_1x01_P2.54mm_Vertical.wrl
      (offset (xyz -2.5 0 0.5))
      (scale (xyz 1 1 1))
      (rotate (xyz 0 90 0))
    )
  )

  (module Connector_USB:USB_Micro-B_GCT_USB3076-30-A (layer F.Cu) (tedit 5BD247D1) (tstamp 5BDE959B)
    (at 119.38 71.12 90)
    (descr "GCT Micro USB https://gct.co/files/drawings/usb3076.pdf")
    (tags "Micro-USB SMD Typ-B GCT")
    (path /5BD1F6CD)
    (attr smd)
    (fp_text reference J2 (at 0 -3.3 90) (layer F.SilkS) hide
      (effects (font (size 1 1) (thickness 0.15)))
    )
    (fp_text value USB_B_Micro (at 0 5.2 90) (layer F.Fab)
      (effects (font (size 1 1) (thickness 0.15)))
    )
    (fp_line (start -4.6 4.45) (end 4.6 4.45) (layer F.CrtYd) (width 0.05))
    (fp_line (start 4.6 -2.65) (end 4.6 4.45) (layer F.CrtYd) (width 0.05))
    (fp_line (start -4.6 -2.65) (end 4.6 -2.65) (layer F.CrtYd) (width 0.05))
    (fp_line (start -4.6 4.45) (end -4.6 -2.65) (layer F.CrtYd) (width 0.05))
    (fp_text user "PCB Edge" (at 0 2.65 90) (layer Dwgs.User)
      (effects (font (size 0.5 0.5) (thickness 0.08)))
    )
    (fp_line (start -3.81 -1.71) (end -3.15 -1.71) (layer F.SilkS) (width 0.12))
    (fp_line (start -3.81 0.02) (end -3.81 -1.71) (layer F.SilkS) (width 0.12))
    (fp_line (start 3.81 2.59) (end 3.81 2.38) (layer F.SilkS) (width 0.12))
    (fp_line (start 3.7 3.95) (end 3.7 -1.6) (layer F.Fab) (width 0.1))
    (fp_line (start -3 2.65) (end 3 2.65) (layer F.Fab) (width 0.1))
    (fp_line (start -3.7 3.95) (end 3.7 3.95) (layer F.Fab) (width 0.1))
    (fp_line (start -3.7 -1.6) (end 3.7 -1.6) (layer F.Fab) (width 0.1))
    (fp_line (start -3.7 3.95) (end -3.7 -1.6) (layer F.Fab) (width 0.1))
    (fp_line (start -3.81 2.59) (end -3.81 2.38) (layer F.SilkS) (width 0.12))
    (fp_line (start 3.81 0.02) (end 3.81 -1.71) (layer F.SilkS) (width 0.12))
    (fp_line (start 3.81 -1.71) (end 3.16 -1.71) (layer F.SilkS) (width 0.12))
    (fp_text user %R (at 0 0.85 90) (layer F.Fab)
      (effects (font (size 1 1) (thickness 0.15)))
    )
    (fp_line (start -1.76 -2.41) (end -1.31 -2.41) (layer F.SilkS) (width 0.12))
    (fp_line (start -1.76 -2.41) (end -1.76 -2.02) (layer F.SilkS) (width 0.12))
    (fp_line (start -1.3 -1.75) (end -1.5 -1.95) (layer F.Fab) (width 0.1))
    (fp_line (start -1.1 -1.95) (end -1.3 -1.75) (layer F.Fab) (width 0.1))
    (fp_line (start -1.5 -2.16) (end -1.1 -2.16) (layer F.Fab) (width 0.1))
    (fp_line (start -1.5 -2.16) (end -1.5 -1.95) (layer F.Fab) (width 0.1))
    (fp_line (start -1.1 -2.16) (end -1.1 -1.95) (layer F.Fab) (width 0.1))
    (pad 6 smd rect (at 1.125 1.2 90) (size 1.75 1.9) (layers F.Cu F.Paste F.Mask)
      (net 2 GND))
    (pad 2 smd rect (at -0.65 -1.45 90) (size 0.4 1.4) (layers F.Cu F.Paste F.Mask)
      (net 8 /USB_DM))
    (pad 1 smd rect (at -1.3 -1.45 90) (size 0.4 1.4) (layers F.Cu F.Paste F.Mask)
      (net 1 /VBUS))
    (pad 5 smd rect (at 1.3 -1.45 90) (size 0.4 1.4) (layers F.Cu F.Paste F.Mask)
      (net 2 GND))
    (pad 4 smd rect (at 0.65 -1.45 90) (size 0.4 1.4) (layers F.Cu F.Paste F.Mask)
      (net 9 "Net-(J2-Pad4)"))
    (pad 3 smd rect (at 0 -1.45 90) (size 0.4 1.4) (layers F.Cu F.Paste F.Mask)
      (net 10 /USB_DP))
    (pad 6 smd rect (at -1.125 1.2 90) (size 1.75 1.9) (layers F.Cu F.Paste F.Mask)
      (net 2 GND))
    (pad 6 thru_hole oval (at -3.575 1.2 270) (size 1.05 1.9) (drill oval 0.45 1.25) (layers *.Cu *.Mask)
      (net 2 GND))
    (pad 6 thru_hole oval (at 3.575 1.2 90) (size 1.05 1.9) (drill oval 0.45 1.25) (layers *.Cu *.Mask)
      (net 2 GND))
    (pad 6 smd rect (at 2.32 -1.03 90) (size 1.15 1.45) (layers F.Cu F.Paste F.Mask)
      (net 2 GND))
    (pad 6 smd rect (at -2.32 -1.03 90) (size 1.15 1.45) (layers F.Cu F.Paste F.Mask)
      (net 2 GND))
    (model ${KISYS3DMOD}/Connector_USB.3dshapes/USB_Micro-B_GCT_USB3076-30-A.wrl
      (at (xyz 0 0 0))
      (scale (xyz 1 1 1))
      (rotate (xyz 0 0 0))
    )
  )

  (module Connector_PinHeader_2.54mm:PinHeader_1x01_P2.54mm_Vertical (layer F.Cu) (tedit 5BD2480C) (tstamp 5BDE95E2)
    (at 83.82 76.2)
    (descr "Through hole straight pin header, 1x01, 2.54mm pitch, single row")
    (tags "Through hole pin header THT 1x01 2.54mm single row")
    (path /5BE1CEB5)
    (fp_text reference J5 (at 0 -2.33) (layer F.SilkS) hide
      (effects (font (size 1 1) (thickness 0.15)))
    )
    (fp_text value PRGND (at 0 2.33) (layer F.Fab)
      (effects (font (size 1 1) (thickness 0.15)))
    )
    (fp_text user %R (at 0 0 90) (layer F.Fab)
      (effects (font (size 1 1) (thickness 0.15)))
    )
    (fp_line (start 1.8 -1.8) (end -1.8 -1.8) (layer F.CrtYd) (width 0.05))
    (fp_line (start 1.8 1.8) (end 1.8 -1.8) (layer F.CrtYd) (width 0.05))
    (fp_line (start -1.8 1.8) (end 1.8 1.8) (layer F.CrtYd) (width 0.05))
    (fp_line (start -1.8 -1.8) (end -1.8 1.8) (layer F.CrtYd) (width 0.05))
    (fp_line (start -1.33 -1.33) (end 0 -1.33) (layer F.SilkS) (width 0.12))
    (fp_line (start -1.33 0) (end -1.33 -1.33) (layer F.SilkS) (width 0.12))
    (fp_line (start -1.33 1.27) (end 1.33 1.27) (layer F.SilkS) (width 0.12))
    (fp_line (start 1.33 1.27) (end 1.33 1.33) (layer F.SilkS) (width 0.12))
    (fp_line (start -1.33 1.27) (end -1.33 1.33) (layer F.SilkS) (width 0.12))
    (fp_line (start -1.33 1.33) (end 1.33 1.33) (layer F.SilkS) (width 0.12))
    (fp_line (start -1.27 -0.635) (end -0.635 -1.27) (layer F.Fab) (width 0.1))
    (fp_line (start -1.27 1.27) (end -1.27 -0.635) (layer F.Fab) (width 0.1))
    (fp_line (start 1.27 1.27) (end -1.27 1.27) (layer F.Fab) (width 0.1))
    (fp_line (start 1.27 -1.27) (end 1.27 1.27) (layer F.Fab) (width 0.1))
    (fp_line (start -0.635 -1.27) (end 1.27 -1.27) (layer F.Fab) (width 0.1))
    (pad 1 thru_hole rect (at 0 0) (size 1.7 1.7) (drill 1) (layers *.Cu *.Mask)
      (net 2 GND))
    (model ${KISYS3DMOD}/Connector_PinHeader_2.54mm.3dshapes/PinHeader_1x01_P2.54mm_Vertical.wrl
      (at (xyz 0 0 0))
      (scale (xyz 1 1 1))
      (rotate (xyz 0 0 0))
    )
  )

  (module Resistor_SMD:R_0603_1608Metric_Pad1.05x0.95mm_HandSolder (layer B.Cu) (tedit 5BD2477B) (tstamp 5BDE9609)
    (at 80.645 68.453 225)
    (descr "Resistor SMD 0603 (1608 Metric), square (rectangular) end terminal, IPC_7351 nominal with elongated pad for handsoldering. (Body size source: http://www.tortai-tech.com/upload/download/2011102023233369053.pdf), generated with kicad-footprint-generator")
    (tags "resistor handsolder")
    (path /5BD3C0A5)
    (attr smd)
    (fp_text reference R1 (at 0 1.43 225) (layer B.SilkS) hide
      (effects (font (size 1 1) (thickness 0.15)) (justify mirror))
    )
    (fp_text value 220 (at 0 -1.43 225) (layer B.Fab)
      (effects (font (size 1 1) (thickness 0.15)) (justify mirror))
    )
    (fp_line (start -0.8 -0.4) (end -0.8 0.4) (layer B.Fab) (width 0.1))
    (fp_line (start -0.8 0.4) (end 0.8 0.4) (layer B.Fab) (width 0.1))
    (fp_line (start 0.8 0.4) (end 0.8 -0.4) (layer B.Fab) (width 0.1))
    (fp_line (start 0.8 -0.4) (end -0.8 -0.4) (layer B.Fab) (width 0.1))
    (fp_line (start -0.171267 0.51) (end 0.171267 0.51) (layer B.SilkS) (width 0.12))
    (fp_line (start -0.171267 -0.51) (end 0.171267 -0.51) (layer B.SilkS) (width 0.12))
    (fp_line (start -1.65 -0.73) (end -1.65 0.73) (layer B.CrtYd) (width 0.05))
    (fp_line (start -1.65 0.73) (end 1.65 0.73) (layer B.CrtYd) (width 0.05))
    (fp_line (start 1.65 0.73) (end 1.65 -0.73) (layer B.CrtYd) (width 0.05))
    (fp_line (start 1.65 -0.73) (end -1.65 -0.73) (layer B.CrtYd) (width 0.05))
    (fp_text user %R (at 0 0 225) (layer B.Fab)
      (effects (font (size 0.4 0.4) (thickness 0.06)) (justify mirror))
    )
    (pad 1 smd roundrect (at -0.875 0 225) (size 1.05 0.95) (layers B.Cu B.Paste B.Mask) (roundrect_rratio 0.25)
      (net 5 "Net-(D1-Pad1)"))
    (pad 2 smd roundrect (at 0.875 0 225) (size 1.05 0.95) (layers B.Cu B.Paste B.Mask) (roundrect_rratio 0.25)
      (net 7 /PROBE))
    (model ${KISYS3DMOD}/Resistor_SMD.3dshapes/R_0603_1608Metric.wrl
      (at (xyz 0 0 0))
      (scale (xyz 1 1 1))
      (rotate (xyz 0 0 0))
    )
  )

  (module Resistor_SMD:R_0603_1608Metric_Pad1.05x0.95mm_HandSolder (layer B.Cu) (tedit 5BD2479D) (tstamp 5BDE961A)
    (at 81.28 70.485 180)
    (descr "Resistor SMD 0603 (1608 Metric), square (rectangular) end terminal, IPC_7351 nominal with elongated pad for handsoldering. (Body size source: http://www.tortai-tech.com/upload/download/2011102023233369053.pdf), generated with kicad-footprint-generator")
    (tags "resistor handsolder")
    (path /5BD3AF57)
    (attr smd)
    (fp_text reference R2 (at 0 1.43 180) (layer B.SilkS) hide
      (effects (font (size 1 1) (thickness 0.15)) (justify mirror))
    )
    (fp_text value 10k (at 0 -1.43 180) (layer B.Fab)
      (effects (font (size 1 1) (thickness 0.15)) (justify mirror))
    )
    (fp_text user %R (at 0 0 180) (layer B.Fab)
      (effects (font (size 0.4 0.4) (thickness 0.06)) (justify mirror))
    )
    (fp_line (start 1.65 -0.73) (end -1.65 -0.73) (layer B.CrtYd) (width 0.05))
    (fp_line (start 1.65 0.73) (end 1.65 -0.73) (layer B.CrtYd) (width 0.05))
    (fp_line (start -1.65 0.73) (end 1.65 0.73) (layer B.CrtYd) (width 0.05))
    (fp_line (start -1.65 -0.73) (end -1.65 0.73) (layer B.CrtYd) (width 0.05))
    (fp_line (start -0.171267 -0.51) (end 0.171267 -0.51) (layer B.SilkS) (width 0.12))
    (fp_line (start -0.171267 0.51) (end 0.171267 0.51) (layer B.SilkS) (width 0.12))
    (fp_line (start 0.8 -0.4) (end -0.8 -0.4) (layer B.Fab) (width 0.1))
    (fp_line (start 0.8 0.4) (end 0.8 -0.4) (layer B.Fab) (width 0.1))
    (fp_line (start -0.8 0.4) (end 0.8 0.4) (layer B.Fab) (width 0.1))
    (fp_line (start -0.8 -0.4) (end -0.8 0.4) (layer B.Fab) (width 0.1))
    (pad 2 smd roundrect (at 0.875 0 180) (size 1.05 0.95) (layers B.Cu B.Paste B.Mask) (roundrect_rratio 0.25)
      (net 7 /PROBE))
    (pad 1 smd roundrect (at -0.875 0 180) (size 1.05 0.95) (layers B.Cu B.Paste B.Mask) (roundrect_rratio 0.25)
      (net 15 /PROBE_3V))
    (model ${KISYS3DMOD}/Resistor_SMD.3dshapes/R_0603_1608Metric.wrl
      (at (xyz 0 0 0))
      (scale (xyz 1 1 1))
      (rotate (xyz 0 0 0))
    )
  )

  (module Resistor_SMD:R_0603_1608Metric_Pad1.05x0.95mm_HandSolder (layer F.Cu) (tedit 5BD247D8) (tstamp 5BDE962B)
    (at 113.03 74.93 180)
    (descr "Resistor SMD 0603 (1608 Metric), square (rectangular) end terminal, IPC_7351 nominal with elongated pad for handsoldering. (Body size source: http://www.tortai-tech.com/upload/download/2011102023233369053.pdf), generated with kicad-footprint-generator")
    (tags "resistor handsolder")
    (path /5BD1EF52)
    (attr smd)
    (fp_text reference R3 (at 0 -1.43 180) (layer F.SilkS) hide
      (effects (font (size 1 1) (thickness 0.15)))
    )
    (fp_text value 100k (at 0 1.43 180) (layer F.Fab)
      (effects (font (size 1 1) (thickness 0.15)))
    )
    (fp_line (start -0.8 0.4) (end -0.8 -0.4) (layer F.Fab) (width 0.1))
    (fp_line (start -0.8 -0.4) (end 0.8 -0.4) (layer F.Fab) (width 0.1))
    (fp_line (start 0.8 -0.4) (end 0.8 0.4) (layer F.Fab) (width 0.1))
    (fp_line (start 0.8 0.4) (end -0.8 0.4) (layer F.Fab) (width 0.1))
    (fp_line (start -0.171267 -0.51) (end 0.171267 -0.51) (layer F.SilkS) (width 0.12))
    (fp_line (start -0.171267 0.51) (end 0.171267 0.51) (layer F.SilkS) (width 0.12))
    (fp_line (start -1.65 0.73) (end -1.65 -0.73) (layer F.CrtYd) (width 0.05))
    (fp_line (start -1.65 -0.73) (end 1.65 -0.73) (layer F.CrtYd) (width 0.05))
    (fp_line (start 1.65 -0.73) (end 1.65 0.73) (layer F.CrtYd) (width 0.05))
    (fp_line (start 1.65 0.73) (end -1.65 0.73) (layer F.CrtYd) (width 0.05))
    (fp_text user %R (at 0 0 180) (layer F.Fab)
      (effects (font (size 0.4 0.4) (thickness 0.06)))
    )
    (pad 1 smd roundrect (at -0.875 0 180) (size 1.05 0.95) (layers F.Cu F.Paste F.Mask) (roundrect_rratio 0.25)
      (net 2 GND))
    (pad 2 smd roundrect (at 0.875 0 180) (size 1.05 0.95) (layers F.Cu F.Paste F.Mask) (roundrect_rratio 0.25)
      (net 11 /BOOT))
    (model ${KISYS3DMOD}/Resistor_SMD.3dshapes/R_0603_1608Metric.wrl
      (at (xyz 0 0 0))
      (scale (xyz 1 1 1))
      (rotate (xyz 0 0 0))
    )
  )

  (module Resistor_SMD:R_0603_1608Metric_Pad1.05x0.95mm_HandSolder (layer B.Cu) (tedit 5BD247E4) (tstamp 5BDE963C)
    (at 93.345 65.405 180)
    (descr "Resistor SMD 0603 (1608 Metric), square (rectangular) end terminal, IPC_7351 nominal with elongated pad for handsoldering. (Body size source: http://www.tortai-tech.com/upload/download/2011102023233369053.pdf), generated with kicad-footprint-generator")
    (tags "resistor handsolder")
    (path /5BD3E8BD)
    (attr smd)
    (fp_text reference R4 (at 0 1.43 180) (layer B.SilkS) hide
      (effects (font (size 1 1) (thickness 0.15)) (justify mirror))
    )
    (fp_text value 2k2 (at 0 -1.43 180) (layer B.Fab)
      (effects (font (size 1 1) (thickness 0.15)) (justify mirror))
    )
    (fp_text user %R (at 0 0 180) (layer B.Fab)
      (effects (font (size 0.4 0.4) (thickness 0.06)) (justify mirror))
    )
    (fp_line (start 1.65 -0.73) (end -1.65 -0.73) (layer B.CrtYd) (width 0.05))
    (fp_line (start 1.65 0.73) (end 1.65 -0.73) (layer B.CrtYd) (width 0.05))
    (fp_line (start -1.65 0.73) (end 1.65 0.73) (layer B.CrtYd) (width 0.05))
    (fp_line (start -1.65 -0.73) (end -1.65 0.73) (layer B.CrtYd) (width 0.05))
    (fp_line (start -0.171267 -0.51) (end 0.171267 -0.51) (layer B.SilkS) (width 0.12))
    (fp_line (start -0.171267 0.51) (end 0.171267 0.51) (layer B.SilkS) (width 0.12))
    (fp_line (start 0.8 -0.4) (end -0.8 -0.4) (layer B.Fab) (width 0.1))
    (fp_line (start 0.8 0.4) (end 0.8 -0.4) (layer B.Fab) (width 0.1))
    (fp_line (start -0.8 0.4) (end 0.8 0.4) (layer B.Fab) (width 0.1))
    (fp_line (start -0.8 -0.4) (end -0.8 0.4) (layer B.Fab) (width 0.1))
    (pad 2 smd roundrect (at 0.875 0 180) (size 1.05 0.95) (layers B.Cu B.Paste B.Mask) (roundrect_rratio 0.25)
      (net 15 /PROBE_3V))
    (pad 1 smd roundrect (at -0.875 0 180) (size 1.05 0.95) (layers B.Cu B.Paste B.Mask) (roundrect_rratio 0.25)
      (net 16 /PULL))
    (model ${KISYS3DMOD}/Resistor_SMD.3dshapes/R_0603_1608Metric.wrl
      (at (xyz 0 0 0))
      (scale (xyz 1 1 1))
      (rotate (xyz 0 0 0))
    )
  )

  (module Resistor_SMD:R_0603_1608Metric_Pad1.05x0.95mm_HandSolder (layer B.Cu) (tedit 5BD247F6) (tstamp 5BDE964D)
    (at 88.265 76.2)
